mtllib materials.mtl
v 0.4441834 -0.08332837 0.08463045
v -0.01153183 -0.09359372 0.4489782
v -0.01561469 0.06206822 0.4482572
v 0.4401006 0.07233357 0.08390947
v 0.4338911 -0.08283126 0.07282031
v 0.4331071 -0.2023997 0.06847099
v 0.4433994 -0.2028966 0.0802811
v -0.02590692 0.06256533 0.4364471
v 0.4298083 0.07283068 0.07209935
v 0.4318497 -0.005000353 0.07245982
v -0.02182412 -0.09309661 0.4371681
v -0.02386552 -0.0152657 0.4368076
v 0.4121452 0.07226491 0.04999097
v 0.4141866 -0.005566001 0.0503514
v -0.0241276 -0.005272865 0.4367613
v 0.4315877 0.004992485 0.07241357
v -0.4224604 -0.1059271 -0.06429791
v -0.4245018 -0.0280962 -0.0646584
v 0.03325486 -0.09566176 -0.4286457
v 0.03121346 -0.01783085 -0.4290062
v 0.02231956 -0.01811564 -0.4401385
v 0.02436095 -0.09594655 -0.4397779
v -0.0415287 -0.01583135 0.4146992
v -0.04357004 0.06199956 0.4143387
v -0.04778898 0.222842 0.4135933
v -0.03012586 0.2234079 0.4357018
v 0.4079262 0.2331074 0.04924563
v 0.4255894 0.2336731 0.07135401
v -0.0213567 0.2236887 0.446678
v 0.4343586 0.233954 0.08233017
v -0.4333956 -0.02838111 -0.07579067
v -0.4313543 -0.1062119 -0.07543021
v 0.0272426 -0.2058221 -0.4392685
v 0.03613651 -0.2055374 -0.4281364
v -0.4284726 -0.2160875 -0.07492077
v -0.4195788 -0.2158028 -0.0637885
v -0.0226081 -0.2126651 0.4328187
v -0.01231581 -0.2131619 0.4446289
v -0.4247639 -0.01810336 -0.06470471
v 0.03095132 -0.007838011 -0.4290524
v -0.04264617 -0.005866051 0.4135822
v 0.4130691 0.0043993 0.04923449
v 0.4157374 0.004635692 0.08508604
v 0.01510108 -0.008195043 -0.4163801
v 0.02218211 -0.008118868 -0.4400286
v -0.4335332 -0.0183841 -0.07568084
v -0.4139268 -0.01785922 -0.07336905
v -0.01329041 -0.005028844 0.428097
v -0.4116234 -0.105683 -0.07296225
v -0.01098692 -0.09285259 0.4285037
v 0.4180408 -0.0831883 0.08549275
v 0.01740462 -0.09601867 -0.4159733
v -0.04034269 -0.09368992 0.413989
v 0.4153726 -0.08342433 0.04964118
v -0.4073232 0.01103091 -0.06424513
v -0.03249067 0.01667738 0.4007792
v -0.03091049 -0.04329932 0.4002337
v -0.405743 -0.04894567 -0.06479057
v 0.02026045 0.02543271 -0.4090735
v 0.02184057 -0.03454399 -0.4096189
v 0.3966731 -0.02889764 0.05540533
v 0.3950929 0.03107893 0.05595086
vn 0.624061 0.01998627 0.78112
vn 0.7541499 0.01893248 -0.6564295
vn 0.006553349 0.9993176 0.03635194
vn 0.7541348 0.01673927 -0.6565064
vn -0.7541357 -0.0167393 0.6565053
vn 0.7809347 0.01759126 -0.624365
vn 0.624061 0.0199849 0.78112
vn -0.780936 -0.01759092 0.6243634
vn 0.02621921 -0.9996455 0.004629589
vn 0.7809367 0.01759094 -0.6243625
vn 0.02622003 -0.9996455 0.00463064
vn -0.7809342 -0.01759048 0.6243656
vn 0.02621878 -0.9996455 0.004629054
vn -0.7809353 -0.01759081 0.6243641
vn -0.624061 -0.01998922 -0.7811199
vn 0.7809346 0.01759107 -0.6243651
vn -0.02622144 0.9996454 -0.004632369
vn -0.7809366 -0.01759113 0.6243625
vn -0.02622004 0.9996455 -0.004630971
vn 0.780934 0.01759095 -0.6243659
vn 0.624061 0.019989 0.7811199
vn -0.02622022 0.9996455 -0.004630697
vn -0.7809374 -0.01759058 0.6243616
vn -0.624061 -0.01998627 -0.78112
vn 0.7809349 0.01758647 -0.6243649
vn -0.624061 -0.01998883 -0.7811199
vn -0.7809368 -0.0175868 0.6243625
vn 0.02621743 -0.9996456 0.004627354
vn -0.6245772 0.03247865 -0.7802874
vn -0.7541518 -0.01893309 0.6564271
vn 0.6245773 -0.0324786 0.7802874
vn -0.006543727 -0.9993181 -0.03634008
vn -0.7809359 -0.01759111 0.6243634
vn 0.02622285 -0.9996454 0.004633982
vn 0.7809359 0.0175926 -0.6243634
vn -0.02622179 0.9996454 -0.004632829
vn 0.624061 0.01998516 0.78112
vn -0.02621921 0.9996455 -0.004629591
vn -0.02621445 0.9996456 -0.004633632
vn 0.7809359 0.01759111 -0.6243634
vn 0.7809355 0.01759855 -0.6243638
vn -0.02621737 0.9996456 -0.004627461
vn -0.7809325 -0.01759249 0.6243677
vn -0.624061 -0.01999015 -0.7811199
vn -0.02621721 0.9996455 -0.004631067
vn -0.624061 -0.01998661 -0.78112
vn 0.0262174 -0.9996455 0.004630902
vn 0.6240591 0.01998571 0.7811216
vn 0.7809359 0.01759093 -0.6243634
vn 0.6240613 0.01998566 0.7811198
vn 0.02621652 -0.9996456 0.004631627
vn -0.624061 -0.01998588 -0.78112
vn -0.780936 -0.01759149 0.6243633
vn -0.7809347 -0.0175909 0.6243649
vn 0.0262219 -0.9996454 0.004632624
vn 0.7809343 0.0175914 -0.6243655
vn -0.624061 -0.01998562 -0.78112
vn -0.624061 -0.01998627 -0.78112
vn 0.624061 0.01998848 0.7811199
vn -0.7781431 -0.02620892 0.62754
vn 0.7781431 0.02620892 -0.62754
vn -0.02633654 0.9996118 0.009091298
vn 0.02633654 -0.9996118 -0.009091298
vn -0.6275346 -0.009452898 -0.7785313
vn 0.6275346 0.009452898 0.7785313
vt 0.1337691 0.03617903
vt 0.1585602 -0.01664812
vt 0.1726569 -0.01003274
vt 0.1478657 0.04279442
vt -0.09035178 0.102399
vt -0.0916035 0.1014557
vt -0.08440245 0.09190027
vt -0.08315076 0.09284359
vt 0.002386302 -0.02609809
vt -0.01567667 -0.08158719
vt -0.01420788 -0.08213419
vt 0.003855093 -0.0266451
vt -0.09010213 0.1025494
vt -0.1000873 0.1144982
vt -0.101341 0.1135576
vt -0.09634842 0.1075832
vt -0.09135585 0.1016088
vt 0.09197582 0.1009836
vt 0.09322954 0.100043
vt 0.09822211 0.1060174
vt 0.1032147 0.1119919
vt 0.101961 0.1129325
vt -0.08954505 0.1132692
vt -0.09420515 0.1195064
vt -0.09647253 0.1178124
vt -0.09181244 0.1115751
vt 0.1409195 0.03946238
vt 0.1657107 -0.01336478
vt 0.1666157 -0.01294009
vt 0.1418245 0.03988706
vt 0.0895446 0.1132695
vt 0.08488453 0.1070322
vt 0.1363138 0.06860758
vt 0.1409739 0.07484483
vt 0.02357944 -0.07915482
vt 0.00427126 -0.02408663
vt -0.05631108 -0.04532816
vt -0.0370029 -0.1003964
vt -0.1363137 0.06860781
vt -0.1409738 0.07484506
vt -0.1421155 0.07399206
vt -0.1374554 0.06775481
vt 0.00427146 -0.02408656
vt 0.02357967 -0.07915474
vt 0.02503373 -0.0785755
vt 0.005725523 -0.02350732
vt 0.09420528 0.1195062
vt 0.08954518 0.113269
vt 0.09181257 0.1115749
vt 0.09647267 0.1178122
vt 0.02357933 -0.07915486
vt 0.004271157 -0.02408667
vt 0.001600226 -0.02502316
vt 0.02090839 -0.08009135
vt 0.0942049 0.1195066
vt 0.09647228 0.1178125
vt 0.1061027 0.1307021
vt 0.1038353 0.1323962
vt -0.172759 -0.01005728
vt -0.1479679 0.0427699
vt -0.1625337 0.04960544
vt -0.1873248 -0.003221738
vt -0.09647254 0.1178123
vt -0.09420516 0.1195064
vt -0.1038356 0.132396
vt -0.106103 0.1307019
vt -0.004271803 -0.02408644
vt -0.02358007 -0.0791546
vt -0.02090914 -0.08009109
vt -0.001600877 -0.02502294
vt 0.09420447 0.1195069
vt 0.1038348 0.1323965
vt 0.1027091 0.1332376
vt 0.09290253 0.1203771
vt -0.02357971 -0.07915475
vt -0.004271485 -0.02408659
vt -0.005597522 -0.02362164
vt -0.02490574 -0.07868982
vt -0.1038357 0.1323958
vt -0.09420532 0.1195063
vt -0.09290338 0.1203764
vt -0.1027101 0.1332369
vt 0.1478657 0.04279431
vt 0.1726568 -0.01003287
vt 0.1873248 -0.003221729
vt 0.1625337 0.04960545
vt 0.05631085 -0.0453281
vt 0.03700264 -0.1003963
vt 0.03834753 -0.1008678
vt 0.05765575 -0.04579965
vt 0.1409734 0.07484541
vt 0.1363134 0.06860815
vt 0.1374551 0.06775515
vt 0.1421151 0.0739924
vt -0.1338713 0.03615469
vt -0.1409196 0.03946238
vt -0.1657107 -0.01336478
vt -0.1586624 -0.01667247
vt -0.1363137 0.06860772
vt -0.1374554 0.06775472
vt -0.1308766 0.05894947
vt -0.1297349 0.05980245
vt -0.1338715 0.03615467
vt -0.1586626 -0.0166725
vt -0.1487123 -0.02134208
vt -0.1239212 0.0314851
vt 0.1374548 0.06775515
vt 0.1363131 0.06860814
vt 0.1297344 0.05980286
vt 0.1308761 0.05894988
vt -0.03700331 -0.1003965
vt -0.05631144 -0.04532825
vt -0.05765631 -0.0457998
vt -0.0383482 -0.100868
vt -0.1329803 0.03791161
vt -0.1585319 -0.01455197
vt -0.1477748 -0.01979102
vt -0.1222233 0.03267255
vt 0.0935507 0.09998835
vt 0.09229899 0.1009316
vt 0.08509799 0.0913762
vt 0.08634969 0.09043289
vt 0.1585032 -0.01449309
vt 0.1329516 0.0379705
vt 0.1221946 0.03273146
vt 0.1477462 -0.01973213
vt -0.001607576 -0.02584465
vt -0.003076362 -0.02639168
vt 0.01498699 -0.08188064
vt 0.01645578 -0.08133362
vt 0.08954464 0.1132695
vt 0.1409739 0.07484481
vt 0.1415722 0.07564561
vt 0.09014295 0.1140703
vt -0.03700189 -0.1003961
vt -0.0563102 -0.04532801
vt -0.0576551 -0.04579956
vt -0.03834678 -0.1008677
vt -0.140974 0.07484461
vt -0.08954486 0.1132694
vt -0.09014317 0.1140702
vt -0.1415724 0.07564542
vt -0.004271871 -0.02408642
vt -0.02358015 -0.07915457
vt -0.02077986 -0.08013643
vt -0.001471592 -0.02506828
vt 0.1666156 -0.01294009
vt 0.1418244 0.03988706
vt 0.1338712 0.03615469
vt 0.1586623 -0.01667247
vt -0.004271261 -0.02408663
vt -0.02357944 -0.07915482
vt 0.0370029 -0.1003964
vt 0.05631108 -0.04532816
vt 0.05631071 -0.04532907
vt -0.00427161 -0.02408747
vt -0.004943176 -0.02600281
vt 0.05563915 -0.04724439
vt -0.0848846 0.1070322
vt -0.08954467 0.1132695
vt -0.1409739 0.07484479
vt -0.1363138 0.06860755
vt -0.1409747 0.07484376
vt -0.141573 0.07564457
vt -0.1426987 0.07480351
vt -0.1421164 0.07399075
vt 0.05631151 -0.04532825
vt 0.0370034 -0.1003965
vt 0.03832943 -0.1008614
vt 0.05763755 -0.04579318
vt 0.1415733 0.07564415
vt 0.140975 0.07484335
vt 0.1421167 0.07399033
vt 0.142699 0.07480311
vt -0.165711 -0.01336484
vt -0.1409198 0.03946235
vt -0.1418248 0.03988702
vt -0.1666159 -0.01294017
vt -0.02357957 -0.07915515
vt 0.03700276 -0.1003967
vt 0.03746192 -0.09908716
vt -0.02312042 -0.0778456
vt -0.1666157 -0.01294011
vt -0.1586625 -0.01667248
vt -0.1580729 -0.01541623
vt -0.1660262 -0.01168386
vt -0.03700278 -0.1003966
vt 0.02357955 -0.0791551
vt 0.02312039 -0.07784554
vt -0.03746194 -0.0990871
vt 0.1586624 -0.01667256
vt 0.1666157 -0.01294019
vt 0.1660261 -0.01168394
vt 0.1580729 -0.0154163
vt -0.09014292 0.1140703
vt -0.1415722 0.07564562
vt -0.1363138 0.06860757
vt -0.08488454 0.1070322
vt 0.1418245 0.03988704
vt 0.1338712 0.03615467
vt 0.1347335 0.03431728
vt 0.1426868 0.03804966
vt 0.004271413 -0.02408707
vt -0.05631091 -0.04532862
vt -0.05563936 -0.04724395
vt 0.004942974 -0.0260024
vt -0.1338712 0.03615469
vt -0.1418245 0.03988705
vt -0.1426867 0.03804968
vt -0.1347335 0.03431731
vt 0.1415723 0.07564557
vt 0.09014302 0.1140703
vt 0.08488463 0.1070322
vt 0.1363139 0.06860752
vt 0.09014337 0.1140699
vt 0.08488496 0.1070319
vt 0.08726215 0.1052558
vt 0.09252056 0.1122938
vt 0.02358009 -0.07915457
vt 0.004271814 -0.02408641
vt 0.001471533 -0.02506826
vt 0.02077981 -0.08013642
vt -0.08488508 0.1070318
vt -0.09014349 0.1140699
vt -0.09252068 0.1122938
vt -0.08726228 0.1052557
vt -0.1418245 0.03988702
vt -0.1666157 -0.01294013
vt -0.1586624 -0.01667251
vt -0.1338712 0.03615467
vt -0.1409196 0.03946232
vt -0.1479679 0.04277001
vt -0.172759 -0.01005715
vt -0.1657107 -0.01336484
vt 0.1586625 -0.01667251
vt 0.1338714 0.03615468
vt 0.1239212 0.0314851
vt 0.1487123 -0.02134209
vt 0.1441553 0.07692365
vt 0.09644602 0.1128627
vt 0.09283594 0.1080702
vt 0.1405452 0.07213125
vt -0.1441553 0.07692368
vt -0.1405453 0.07213125
vt -0.09283595 0.1080702
vt -0.09644602 0.1128626
vt 0.03881381 -0.09779075
vt 0.05691328 -0.04590792
vt 0.0005155471 -0.02623343
vt -0.01758391 -0.07811625
vt -0.03881381 -0.09779075
vt 0.01758391 -0.07811625
vt -0.0005155506 -0.02623343
vt -0.05691328 -0.04590793
vt -0.1678875 -0.009915616
vt -0.162443 -0.01243699
vt -0.1393517 0.03742492
vt -0.1447962 0.0399463
vt 0.1678875 -0.009915602
vt 0.1447962 0.0399463
vt 0.1393517 0.03742493
vt 0.162443 -0.01243698
o group1736803528
g mesh1736803528
usemtl mat23
f 4/4/1 3/3/1 2/2/1 1/1/1
f 7/8/2 6/7/2 5/6/2 1/5/2
f 9/12/3 8/11/3 3/10/3 4/9/3
f 5/17/4 10/16/4 9/15/4 4/14/4 1/13/4
f 3/22/5 8/21/5 12/20/5 11/19/5 2/18/5
f 14/26/6 13/25/6 9/24/6 10/23/6
f 16/30/7 15/29/7 12/28/7 10/27/7
f 18/34/8 17/33/8 11/32/8 12/31/8
f 17/38/9 19/37/9 5/36/9 11/35/9
f 22/42/10 21/41/10 20/40/10 19/39/10
f 4/46/11 3/45/11 8/44/11 9/43/11
f 24/50/12 23/49/12 12/48/12 8/47/12
f 23/54/13 14/53/13 10/52/13 12/51/13
f 26/58/14 25/57/14 24/56/14 8/55/14
f 25/62/15 27/61/15 13/60/15 24/59/15
f 27/66/16 28/65/16 9/64/16 13/63/16
f 27/70/17 25/69/17 26/68/17 28/67/17
f 3/74/18 29/73/18 26/72/18 8/71/18
f 29/78/19 30/77/19 28/76/19 26/75/19
f 30/82/20 4/81/20 9/80/20 28/79/20
f 30/86/21 29/85/21 3/84/21 4/83/21
f 21/90/22 31/89/22 18/88/22 20/87/22
f 31/94/23 32/93/23 17/92/23 18/91/23
f 32/98/24 31/97/24 21/96/24 22/95/24
f 34/102/25 33/101/25 22/100/25 19/99/25
f 33/106/26 35/105/26 32/104/26 22/103/26
f 35/110/27 36/109/27 17/108/27 32/107/27
f 35/114/28 33/113/28 34/112/28 36/111/28
f 6/118/29 37/117/29 11/116/29 5/115/29
f 37/122/30 38/121/30 2/120/30 11/119/30
f 38/126/31 7/125/31 1/124/31 2/123/31
f 38/130/32 37/129/32 6/128/32 7/127/32
f 15/134/33 39/133/33 18/132/33 12/131/33
f 31/138/34 21/137/34 20/136/34 18/135/34
f 40/142/35 16/141/35 10/140/35 20/139/35
f 42/146/36 41/145/36 15/144/36 16/143/36
f 17/150/37 19/149/37 40/148/37 39/147/37
f 19/154/38 17/153/38 11/152/38 5/151/38
f 44/158/39 43/157/39 16/156/39 40/155/39
f 19/162/40 20/161/40 10/160/40 5/159/40
f 21/166/41 45/165/41 40/164/41 20/163/41
f 45/170/42 46/169/42 39/168/42 40/167/42
f 46/174/43 31/173/43 18/172/43 39/171/43
f 46/178/44 45/177/44 21/176/44 31/175/44
f 48/182/45 47/181/45 39/180/45 15/179/45
f 47/186/46 49/185/46 17/184/46 39/183/46
f 49/190/47 50/189/47 11/188/47 17/187/47
f 50/194/48 48/193/48 15/192/48 11/191/48
f 50/198/49 49/197/49 47/196/49 48/195/49
f 43/202/50 51/201/50 5/200/50 16/199/50
f 51/206/51 52/205/51 19/204/51 5/203/51
f 52/210/52 44/209/52 40/208/52 19/207/52
f 52/214/53 51/213/53 43/212/53 44/211/53
f 41/218/54 53/217/54 11/216/54 15/215/54
f 53/222/55 54/221/55 5/220/55 11/219/55
f 54/226/56 42/225/56 16/224/56 5/223/56
f 54/230/57 53/229/57 41/228/57 42/227/57
f 23/234/58 24/233/58 13/232/58 14/231/58
f 36/238/59 34/237/59 19/236/59 17/235/59
o group42680859
g mesh42680859
usemtl mat21
f 58/242/60 57/241/60 56/240/60 55/239/60
f 62/246/61 61/245/61 60/244/61 59/243/61
f 56/250/62 62/249/62 59/248/62 55/247/62
f 60/254/63 61/253/63 57/252/63 58/251/63
f 59/258/64 60/257/64 58/256/64 55/255/64
f 57/262/65 61/261/65 62/260/65 56/259/65
